20 30
3
0 8
7 7
19 19
11 16
111111110001100110001100111111
111100000010011100001111111111
111110010011110011001111111111
111000111000000011100011111111
100011111100001001110000100111
111000111000100010000000111111
111111000011001000001111111111
111111100000000011101111111111
111111111101111000001111111111
111110000000000000000000011111
111111110001100000001111111111
111100000000011100001111111111
111111000011110000001111111111
111100011000000111100011111111
100001111100001100110000111111
111001111000111110000000111111
110011000000001111001111111111
100111100011100000001111111111
110011110111111000001111111111
111110000000000000001111111111